101 CRAWLER (4,9) 35 North ALIVE PATH:  (1,0)  (2,0)  (3,0)  (4,0)  (5,0)  (6,0)  (7,0)  (8,0)  (9,0)  (8,0)  (7,0)  (6,0)  (5,0)  (4,0)  (3,0)  (2,0)  (1,0)  (0,0)  (0,1)  (0,2)  (0,3)  (0,4)  (0,5)  (0,6)  (0,7)  (0,8)  (0,9)  (0,8)  (0,7)  (0,6)  (0,5)  (0,4)  (0,3)  (0,2)  (0,1)  (0,0)  (0,1)  (0,2)  (0,3)  (0,4)  (0,5)  (0,6)  (0,7)  (0,8)  (0,9)  (1,9)  (2,9)  (3,9)  (4,9)  (5,9)  (6,9)  (7,9)  (8,9)  (9,9)  (8,9)  (7,9)  (6,9)  (5,9)  (4,9) ALIVE! 
102 CRAWLER (8,0) 8 South 2 DEAD PATH:  (7,0)  (5,0)  (3,0)  (1,0)  (0,0)  (2,0)  (4,0)  (6,0)  (8,0)  (9,0)  (9,2)  (9,4)  (9,6)  (9,8)  (9,9)  (9,7)  (9,5)  (9,3)  (9,1)  (9,0)  (7,0)  (5,0)  (3,0)  (1,0)  (0,0)  (2,0)  (4,0)  (6,0)  (8,0)  (9,0)  (9,2)  (9,4)  (9,6)  (9,8)  (9,9)  (7,9)  (5,9)  (3,9)  (1,9)  (0,9)  (2,9)  (4,9)  (6,9)  (8,9)  (9,9)  (9,7)  (9,5)  (9,3)  (9,1)  (9,0)  (7,0)  (5,0)  (3,0)  (1,0)  (0,0)  (2,0)  (4,0)  (6,0)  (8,0) 101 ate this bug!
103 CRAWLER (9,4) 8 West DEAD PATH:  (8,9)  (7,9)  (6,9)  (5,9)  (4,9)  (3,9)  (2,9)  (1,9)  (0,9)  (1,9)  (2,9)  (3,9)  (4,9)  (5,9)  (6,9)  (7,9)  (8,9)  (9,9)  (8,9)  (7,9)  (6,9)  (5,9)  (4,9)  (3,9)  (2,9)  (1,9)  (0,9)  (0,8)  (0,7)  (0,6)  (0,5)  (0,4)  (0,3)  (0,2)  (0,1)  (0,0)  (1,0)  (2,0)  (3,0)  (4,0)  (5,0)  (6,0)  (7,0)  (8,0)  (9,0)  (9,1)  (9,2)  (9,3)  (9,4)  (9,5)  (9,6)  (9,7)  (9,8)  (9,9)  (9,8)  (9,7)  (9,6)  (9,5)  (9,4) 101 ate this bug!
104 SPLITTER (9,2) 3 East 3 DEAD PATH:  (4,3)  (5,3)  (6,3)  (6,5)  (6,6)  (6,7)  (8,7)  (9,7)  (9,8)  (9,9)  (9,8)  (9,7)  (9,6)  (9,5)  (9,4)  (9,3)  (9,2)  (9,1)  (9,0)  (9,1)  (9,2)  (9,3)  (9,4)  (9,5)  (9,6)  (9,7)  (9,8)  (9,9)  (8,9)  (7,9)  (6,9)  (5,9)  (4,9)  (3,9)  (2,9)  (1,9)  (0,9)  (1,9)  (2,9)  (3,9)  (4,9)  (5,9)  (6,9)  (7,9)  (8,9)  (9,9)  (9,8)  (9,7)  (9,6)  (9,5)  (9,4)  (9,3)  (9,2)  (9,1)  (9,0)  (9,1)  (9,2) 120 ate this bug!
116 SPLITTER (3,0) 3 South 6 DEAD PATH:  (7,3)  (8,3)  (9,3)  (8,3)  (7,3)  (6,3)  (4,3)  (3,3)  (2,3)  (1,3)  (0,3)  (1,3)  (0,2)  (0,1)  (0,0)  (1,0)  (2,0)  (3,0)  (4,0)  (5,0)  (6,0)  (7,0)  (8,0)  (9,0)  (8,0)  (7,0)  (6,0)  (5,0)  (4,0)  (3,0)  (2,0)  (1,0)  (0,0)  (0,1)  (0,2)  (0,3)  (0,4)  (0,5)  (0,6)  (0,7)  (0,8)  (0,9)  (0,8)  (0,7)  (0,6)  (0,5)  (0,4)  (0,3)  (0,2)  (0,1)  (0,0)  (1,0)  (2,0)  (3,0) 101 ate this bug!
113 SPLITTER (9,8) 3 East 6 DEAD PATH:  (6,8)  (6,9)  (5,9)  (4,9)  (3,9)  (2,9)  (1,9)  (0,9)  (0,8)  (0,7)  (0,6)  (0,5)  (0,4)  (0,3)  (0,2)  (0,1)  (0,0)  (1,0)  (2,0)  (3,0)  (4,0)  (5,0)  (6,0)  (7,0)  (8,0)  (9,0)  (8,0)  (7,0)  (6,0)  (5,0)  (4,0)  (3,0)  (2,0)  (1,0)  (0,0)  (1,0)  (2,0)  (3,0)  (4,0)  (5,0)  (6,0)  (7,0)  (8,0)  (9,0)  (9,1)  (9,2)  (9,3)  (9,4)  (9,5)  (9,6)  (9,7)  (9,8) 103 ate this bug!
125 SPLITTER (0,5) 3 East 12 DEAD PATH:  (5,3)  (4,3)  (3,3)  (2,3)  (1,3)  (0,3)  (1,3)  (2,3)  (3,3)  (4,3)  (5,3)  (6,3)  (7,3)  (8,3)  (9,3)  (8,3)  (7,3)  (6,3)  (5,3)  (4,3)  (3,3)  (2,3)  (1,3)  (0,3)  (0,2)  (0,1)  (0,0)  (1,0)  (2,0)  (3,0)  (4,0)  (5,0)  (6,0)  (7,0)  (8,0)  (9,0)  (8,0)  (7,0)  (6,0)  (5,0)  (4,0)  (3,0)  (2,0)  (1,0)  (0,0)  (0,1)  (0,2)  (0,3)  (0,4)  (0,5) 116 ate this bug!
120 SPLITTER (4,9) 3 South 12 DEAD PATH:  (2,3)  (3,3)  (4,3)  (5,3)  (6,3)  (7,3)  (8,3)  (9,3)  (9,2)  (9,1)  (9,0)  (9,1)  (9,3)  (9,4)  (9,5)  (9,6)  (9,7)  (9,8)  (9,9)  (9,8)  (9,7)  (9,6)  (9,5)  (9,4)  (7,4)  (6,4)  (5,4)  (4,4)  (3,4)  (2,4)  (1,4)  (0,4)  (0,5)  (0,6)  (0,7)  (0,8)  (0,9)  (1,9)  (2,9)  (3,9)  (4,9) 101 ate this bug!
132 SPLITTER (0,5) 3 East 24 DEAD PATH:  (9,2)  (9,3)  (9,4)  (9,5)  (9,6)  (9,7)  (9,8)  (9,9)  (9,8)  (9,7)  (9,6)  (9,5)  (9,4)  (9,3)  (9,2)  (9,1)  (9,0)  (8,0)  (7,0)  (6,0)  (5,0)  (4,0)  (3,0)  (2,0)  (1,0)  (0,0)  (0,1)  (0,2)  (0,3)  (0,4)  (0,5) 120 ate this bug!
132 SPLITTER (4,9) 3 North 24 DEAD PATH:  (9,3)  (9,2)  (9,1)  (9,0)  (9,1)  (9,2)  (9,3)  (9,4)  (9,5)  (9,6)  (9,7)  (9,8)  (9,9)  (8,9)  (7,9)  (6,9)  (5,9)  (4,9) 101 ate this bug!
